-14.5021 0 -12.3811
-14.5021 0 -11.8811
-14.5021 0 -11.3811
-14.5021 0 -10.8811
-14.5021 0 -10.3811
-14.5021 0 -9.88106
-14.5021 0 -9.38106
-14.5021 0 -8.88106
-14.5021 0 -8.38106
-14.5021 0 -7.88106
-14.5021 0 -7.38106
-14.5021 0 -6.88106
-14.5021 0 -6.38106
-14.5021 0 -5.88106
-14.5021 0 -5.38106
-14.5021 0 -4.88106
-14.5021 0 -4.38106
-14.5021 0 -3.88106
-14.5021 0 -3.38106
-14.5021 0 -2.88106
-14.5021 0 -2.38106
-14.5021 0 -1.88106
-14.5021 0 -1.38106
-14.5021 0 -0.881063
-14.5021 0 -0.381063
-14.5021 0 0.118937
-14.5021 0 0.618937
-14.5021 0 1.11894
-14.5021 0 1.61894
-14.5021 0 2.11894
-14.5021 0 2.61894
-14.5021 0 3.11894
-14.5021 0 3.61894
-14.5021 0 4.11894
-14.5021 0 4.61894
-14.5021 0 5.11894
-14.5021 0 5.61894
-14.5021 0 6.11894
-14.5021 0 6.61894
-14.5021 0 7.11894
-14.5021 0 7.61894
-14.5021 0 8.11894
-14.5021 0 8.61894
-14.5021 0 9.11894
-14.5021 0 9.61894
-14.5021 0 10.1189
-14.5021 0 10.6189
-14.5021 0 11.1189
-14.5021 0 11.6189
-14.5021 0 12.1189
-14.0021 0 -12.3811
-14.0021 0 -11.8811
-14.0021 0 -11.3811
-14.0021 0 -10.8811
-14.0021 0 -10.3811
-14.0021 0 -9.88106
-14.0021 0 -9.38106
-14.0021 0 -8.88106
-14.0021 0 -8.38106
-14.0021 0 -7.88106
-14.0021 0 -7.38106
-14.0021 0 -6.88106
-14.0021 0 -6.38106
-14.0021 0 -5.88106
-14.0021 0 -5.38106
-14.0021 0 -4.88106
-14.0021 0 -4.38106
-14.0021 0 -3.88106
-14.0021 0 -3.38106
-14.0021 0 -2.88106
-14.0021 0 -2.38106
-14.0021 0 -1.88106
-14.0021 0 -1.38106
-14.0021 0 -0.881063
-14.0021 0 -0.381063
-14.0021 0 0.118937
-14.0021 0 0.618937
-14.0021 0 1.11894
-14.0021 0 1.61894
-14.0021 0 2.11894
-14.0021 0 2.61894
-14.0021 0 3.11894
-14.0021 0 3.61894
-14.0021 0 4.11894
-14.0021 0 4.61894
-14.0021 0 5.11894
-14.0021 0 5.61894
-14.0021 0 6.11894
-14.0021 0 6.61894
-14.0021 0 7.11894
-14.0021 0 7.61894
-14.0021 0 8.11894
-14.0021 0 8.61894
-14.0021 0 9.11894
-14.0021 0 9.61894
-14.0021 0 10.1189
-14.0021 0 10.6189
-14.0021 0 11.1189
-14.0021 0 11.6189
-14.0021 0 12.1189
-13.5021 0 -12.3811
-13.5021 0 -11.8811
-13.5021 0 -11.3811
-13.5021 0 -10.8811
-13.5021 0 -10.3811
-13.5021 0 -9.88106
-13.5021 0 -9.38106
-13.5021 0 -8.88106
-13.5021 0 -8.38106
-13.5021 0 -7.88106
-13.5021 0 -7.38106
-13.5021 0 -6.88106
-13.5021 0 -6.38106
-13.5021 0 -5.88106
-13.5021 0 -5.38106
-13.5021 0 -4.88106
-13.5021 0 -4.38106
-13.5021 0 -3.88106
-13.5021 0 -3.38106
-13.5021 0 -2.88106
-13.5021 0 -2.38106
-13.5021 0 -1.88106
-13.5021 0 -1.38106
-13.5021 0 -0.881063
-13.5021 0 -0.381063
-13.5021 0 0.118937
-13.5021 0 0.618937
-13.5021 0 1.11894
-13.5021 0 1.61894
-13.5021 0 2.11894
-13.5021 0 2.61894
-13.5021 0 3.11894
-13.5021 0 3.61894
-13.5021 0 4.11894
-13.5021 0 4.61894
-13.5021 0 5.11894
-13.5021 0 5.61894
-13.5021 0 6.11894
-13.5021 0 6.61894
-13.5021 0 7.11894
-13.5021 0 7.61894
-13.5021 0 8.11894
-13.5021 0 8.61894
-13.5021 0 9.11894
-13.5021 0 9.61894
-13.5021 0 10.1189
-13.5021 0 10.6189
-13.5021 0 11.1189
-13.5021 0 11.6189
-13.5021 0 12.1189
-13.0021 0 -12.3811
-13.0021 0 -11.8811
-13.0021 0 -11.3811
-13.0021 0 -10.8811
-13.0021 0 -10.3811
-13.0021 0 -9.88106
-13.0021 0 -9.38106
-13.0021 0 -8.88106
-13.0021 0 -8.38106
-13.0021 0 -7.88106
-13.0021 0 -7.38106
-13.0021 0 -6.88106
-13.0021 0 -6.38106
-13.0021 0 -5.88106
-13.0021 0 -5.38106
-13.0021 0 -4.88106
-13.0021 0 -4.38106
-13.0021 0 -3.88106
-13.0021 0 -3.38106
-13.0021 0 -2.88106
-13.0021 0 -2.38106
-13.0021 0 -1.88106
-13.0021 0 -1.38106
-13.0021 0 -0.881063
-13.0021 0 -0.381063
-13.0021 0 0.118937
-13.0021 0 0.618937
-13.0021 0 1.11894
-13.0021 0 1.61894
-13.0021 0 2.11894
-13.0021 0 2.61894
-13.0021 0 3.11894
-13.0021 0 3.61894
-13.0021 0 4.11894
-13.0021 0 4.61894
-13.0021 0 5.11894
-13.0021 0 5.61894
-13.0021 0 6.11894
-13.0021 0 6.61894
-13.0021 0 7.11894
-13.0021 0 7.61894
-13.0021 0 8.11894
-13.0021 0 8.61894
-13.0021 0 9.11894
-13.0021 0 9.61894
-13.0021 0 10.1189
-13.0021 0 10.6189
-13.0021 0 11.1189
-13.0021 0 11.6189
-13.0021 0 12.1189
-12.5021 0 -12.3811
-12.5021 0 -11.8811
-12.5021 0 -11.3811
-12.5021 0 -10.8811
-12.5021 0 -10.3811
-12.5021 0 -9.88106
-12.5021 0 -9.38106
-12.5021 0 -8.88106
-12.5021 0 -8.38106
-12.5021 0 -7.88106
-12.5021 0 -7.38106
-12.5021 0 -6.88106
-12.5021 0 -6.38106
-12.5021 0 -5.88106
-12.5021 0 -5.38106
-12.5021 0 -4.88106
-12.5021 0 -4.38106
-12.5021 0 -3.88106
-12.5021 0 -3.38106
-12.5021 0 -2.88106
-12.5021 0 -2.38106
-12.5021 0 -1.88106
-12.5021 0 -1.38106
-12.5021 0 -0.881063
-12.5021 0 -0.381063
-12.5021 0 0.118937
-12.5021 0 0.618937
-12.5021 0 1.11894
-12.5021 0 1.61894
-12.5021 0 2.11894
-12.5021 0 2.61894
-12.5021 0 3.11894
-12.5021 0 3.61894
-12.5021 0 4.11894
-12.5021 0 4.61894
-12.5021 0 5.11894
-12.5021 0 5.61894
-12.5021 0 6.11894
-12.5021 0 6.61894
-12.5021 0 7.11894
-12.5021 0 7.61894
-12.5021 0 8.11894
-12.5021 0 8.61894
-12.5021 0 9.11894
-12.5021 0 9.61894
-12.5021 0 10.1189
-12.5021 0 10.6189
-12.5021 0 11.1189
-12.5021 0 11.6189
-12.5021 0 12.1189
-12.0021 0 -12.3811
-12.0021 0 -11.8811
-12.0021 0 -11.3811
-12.0021 0 -10.8811
-12.0021 0 -10.3811
-12.0021 0 -9.88106
-12.0021 0 -9.38106
-12.0021 0 -8.88106
-12.0021 0 -8.38106
-12.0021 0 -7.88106
-12.0021 0 -7.38106
-12.0021 0 -6.88106
-12.0021 0 -6.38106
-12.0021 0 -5.88106
-12.0021 0 -5.38106
-12.0021 0 -4.88106
-12.0021 0 -4.38106
-12.0021 0 -3.88106
-12.0021 0 -3.38106
-12.0021 0 -2.88106
-12.0021 0 -2.38106
-12.0021 0 -1.88106
-12.0021 0 -1.38106
-12.0021 0 -0.881063
-12.0021 0 -0.381063
-12.0021 0 0.118937
-12.0021 0 0.618937
-12.0021 0 1.11894
-12.0021 0 1.61894
-12.0021 0 2.11894
-12.0021 0 2.61894
-12.0021 0 3.11894
-12.0021 0 3.61894
-12.0021 0 4.11894
-12.0021 0 4.61894
-12.0021 0 5.11894
-12.0021 0 5.61894
-12.0021 0 6.11894
-12.0021 0 6.61894
-12.0021 0 7.11894
-12.0021 0 7.61894
-12.0021 0 8.11894
-12.0021 0 8.61894
-12.0021 0 9.11894
-12.0021 0 9.61894
-12.0021 0 10.1189
-12.0021 0 10.6189
-12.0021 0 11.1189
-12.0021 0 11.6189
-12.0021 0 12.1189
-11.5021 0 -12.3811
-11.5021 0 -11.8811
-11.5021 0 -11.3811
-11.5021 0 -10.8811
-11.5021 0 -10.3811
-11.5021 0 -9.88106
-11.5021 0 -9.38106
-11.5021 0 -8.88106
-11.5021 0 -8.38106
-11.5021 0 -7.88106
-11.5021 0 -7.38106
-11.5021 0 -6.88106
-11.5021 0 -6.38106
-11.5021 0 -5.88106
-11.5021 0 -5.38106
-11.5021 0 -4.88106
-11.5021 0 -4.38106
-11.5021 0 -3.88106
-11.5021 0 -3.38106
-11.5021 0 -2.88106
-11.5021 0 -2.38106
-11.5021 0 -1.88106
-11.5021 0 -1.38106
-11.5021 0 -0.881063
-11.5021 0 -0.381063
-11.5021 0 0.118937
-11.5021 0 0.618937
-11.5021 0 1.11894
-11.5021 0 1.61894
-11.5021 0 2.11894
-11.5021 0 2.61894
-11.5021 0 3.11894
-11.5021 0 3.61894
-11.5021 0 4.11894
-11.5021 0 4.61894
-11.5021 0 5.11894
-11.5021 0 5.61894
-11.5021 0 6.11894
-11.5021 0 6.61894
-11.5021 0 7.11894
-11.5021 0 7.61894
-11.5021 0 8.11894
-11.5021 0 8.61894
-11.5021 0 9.11894
-11.5021 0 9.61894
-11.5021 0 10.1189
-11.5021 0 10.6189
-11.5021 0 11.1189
-11.5021 0 11.6189
-11.5021 0 12.1189
-11.0021 0 -12.3811
-11.0021 0 -11.8811
-11.0021 0 -11.3811
-11.0021 0 -10.8811
-11.0021 0 -10.3811
-11.0021 0 -9.88106
-11.0021 0 -9.38106
-11.0021 0 -8.88106
-11.0021 0 -8.38106
-11.0021 0 -7.88106
-11.0021 0 -7.38106
-11.0021 0 -6.88106
-11.0021 0 -6.38106
-11.0021 0 -5.88106
-11.0021 0 -5.38106
-11.0021 0 -4.88106
-11.0021 0 -4.38106
-11.0021 0 -3.88106
-11.0021 0 -3.38106
-11.0021 0 -2.88106
-11.0021 0 -2.38106
-11.0021 0 -1.88106
-11.0021 0 -1.38106
-11.0021 0 -0.881063
-11.0021 0 -0.381063
-11.0021 0 0.118937
-11.0021 0 0.618937
-11.0021 0 1.11894
-11.0021 0 1.61894
-11.0021 0 2.11894
-11.0021 0 2.61894
-11.0021 0 3.11894
-11.0021 0 3.61894
-11.0021 0 4.11894
-11.0021 0 4.61894
-11.0021 0 5.11894
-11.0021 0 5.61894
-11.0021 0 6.11894
-11.0021 0 6.61894
-11.0021 0 7.11894
-11.0021 0 7.61894
-11.0021 0 8.11894
-11.0021 0 8.61894
-11.0021 0 9.11894
-11.0021 0 9.61894
-11.0021 0 10.1189
-11.0021 0 10.6189
-11.0021 0 11.1189
-11.0021 0 11.6189
-11.0021 0 12.1189
-10.5021 0 -12.3811
-10.5021 0 -11.8811
-10.5021 0 -11.3811
-10.5021 0 -10.8811
-10.5021 0 -10.3811
-10.5021 0 -9.88106
-10.5021 0 -9.38106
-10.5021 0 -8.88106
-10.5021 0 -8.38106
-10.5021 0 -7.88106
-10.5021 0 -7.38106
-10.5021 0 -6.88106
-10.5021 0 -6.38106
-10.5021 0 -5.88106
-10.5021 0 -5.38106
-10.5021 0 -4.88106
-10.5021 0 -4.38106
-10.5021 0 -3.88106
-10.5021 0 -3.38106
-10.5021 0 -2.88106
-10.5021 0 -2.38106
-10.5021 0 -1.88106
-10.5021 0 -1.38106
-10.5021 0 -0.881063
-10.5021 0 -0.381063
-10.5021 0 0.118937
-10.5021 0 0.618937
-10.5021 0 1.11894
-10.5021 0 1.61894
-10.5021 0 2.11894
-10.5021 0 2.61894
-10.5021 0 3.11894
-10.5021 0 3.61894
-10.5021 0 4.11894
-10.5021 0 4.61894
-10.5021 0 5.11894
-10.5021 0 5.61894
-10.5021 0 6.11894
-10.5021 0 6.61894
-10.5021 0 7.11894
-10.5021 0 7.61894
-10.5021 0 8.11894
-10.5021 0 8.61894
-10.5021 0 9.11894
-10.5021 0 9.61894
-10.5021 0 10.1189
-10.5021 0 10.6189
-10.5021 0 11.1189
-10.5021 0 11.6189
-10.5021 0 12.1189
-10.0021 0 -12.3811
-10.0021 0 -11.8811
-10.0021 0 -11.3811
-10.0021 0 -10.8811
-10.0021 0 -10.3811
-10.0021 0 -9.88106
-10.0021 0 -9.38106
-10.0021 0 -8.88106
-10.0021 0 -8.38106
-10.0021 0 -7.88106
-10.0021 0 -7.38106
-10.0021 0 -6.88106
-10.0021 0 -6.38106
-10.0021 0 -5.88106
-10.0021 0 -5.38106
-10.0021 0 -4.88106
-10.0021 0 -4.38106
-10.0021 0 -3.88106
-10.0021 0 -3.38106
-10.0021 0 -2.88106
-10.0021 0 -2.38106
-10.0021 0 -1.88106
-10.0021 0 -1.38106
-10.0021 0 -0.881063
-10.0021 0 -0.381063
-10.0021 0 0.118937
-10.0021 0 0.618937
-10.0021 0 1.11894
-10.0021 0 1.61894
-10.0021 0 2.11894
-10.0021 0 2.61894
-10.0021 0 3.11894
-10.0021 0 3.61894
-10.0021 0 4.11894
-10.0021 0 4.61894
-10.0021 0 5.11894
-10.0021 0 5.61894
-10.0021 0 6.11894
-10.0021 0 6.61894
-10.0021 0 7.11894
-10.0021 0 7.61894
-10.0021 0 8.11894
-10.0021 0 8.61894
-10.0021 0 9.11894
-10.0021 0 9.61894
-10.0021 0 10.1189
-10.0021 0 10.6189
-10.0021 0 11.1189
-10.0021 0 11.6189
-10.0021 0 12.1189
-9.50211 0 -12.3811
-9.50211 0 -11.8811
-9.50211 0 -11.3811
-9.50211 0 -10.8811
-9.50211 0 -10.3811
-9.50211 0 -9.88106
-9.50211 0 -9.38106
-9.50211 0 -8.88106
-9.50211 0 -8.38106
-9.50211 0 -7.88106
-9.50211 0 -7.38106
-9.50211 0 -6.88106
-9.50211 0 -6.38106
-9.50211 0 -5.88106
-9.50211 0 -5.38106
-9.50211 0 -4.88106
-9.50211 0 -4.38106
-9.50211 0 -3.88106
-9.50211 0 -3.38106
-9.50211 0 -2.88106
-9.50211 0 -2.38106
-9.50211 0 -1.88106
-9.50211 0 -1.38106
-9.50211 0 -0.881063
-9.50211 0 -0.381063
-9.50211 0 0.118937
-9.50211 0 0.618937
-9.50211 0 1.11894
-9.50211 0 1.61894
-9.50211 0 2.11894
-9.50211 0 2.61894
-9.50211 0 3.11894
-9.50211 0 3.61894
-9.50211 0 4.11894
-9.50211 0 4.61894
-9.50211 0 5.11894
-9.50211 0 5.61894
-9.50211 0 6.11894
-9.50211 0 6.61894
-9.50211 0 7.11894
-9.50211 0 7.61894
-9.50211 0 8.11894
-9.50211 0 8.61894
-9.50211 0 9.11894
-9.50211 0 9.61894
-9.50211 0 10.1189
-9.50211 0 10.6189
-9.50211 0 11.1189
-9.50211 0 11.6189
-9.50211 0 12.1189
-9.00211 0 -12.3811
-9.00211 0 -11.8811
-9.00211 0 -11.3811
-9.00211 0 -10.8811
-9.00211 0 -10.3811
-9.00211 0 -9.88106
-9.00211 0 -9.38106
-9.00211 0 -8.88106
-9.00211 0 -8.38106
-9.00211 0 -7.88106
-9.00211 0 -7.38106
-9.00211 0 -6.88106
-9.00211 0 -6.38106
-9.00211 0 -5.88106
-9.00211 0 -5.38106
-9.00211 0 -4.88106
-9.00211 0 -4.38106
-9.00211 0 -3.88106
-9.00211 0 -3.38106
-9.00211 0 -2.88106
-9.00211 0 -2.38106
-9.00211 0 -1.88106
-9.00211 0 -1.38106
-9.00211 0 -0.881063
-9.00211 0 -0.381063
-9.00211 0 0.118937
-9.00211 0 0.618937
-9.00211 0 1.11894
-9.00211 0 1.61894
-9.00211 0 2.11894
-9.00211 0 2.61894
-9.00211 0 3.11894
-9.00211 0 3.61894
-9.00211 0 4.11894
-9.00211 0 4.61894
-9.00211 0 5.11894
-9.00211 0 5.61894
-9.00211 0 6.11894
-9.00211 0 6.61894
-9.00211 0 7.11894
-9.00211 0 7.61894
-9.00211 0 8.11894
-9.00211 0 8.61894
-9.00211 0 9.11894
-9.00211 0 9.61894
-9.00211 0 10.1189
-9.00211 0 10.6189
-9.00211 0 11.1189
-9.00211 0 11.6189
-9.00211 0 12.1189
-8.50211 0 -12.3811
-8.50211 0 -11.8811
-8.50211 0 -11.3811
-8.50211 0 -10.8811
-8.50211 0 -10.3811
-8.50211 0 -9.88106
-8.50211 0 -9.38106
-8.50211 0 -8.88106
-8.50211 0 -8.38106
-8.50211 0 -7.88106
-8.50211 0 -7.38106
-8.50211 0 -6.88106
-8.50211 0 -6.38106
-8.50211 0 -5.88106
-8.50211 0 -5.38106
-8.50211 0 -4.88106
-8.50211 0 -4.38106
-8.50211 0 -3.88106
-8.50211 0 -3.38106
-8.50211 0 -2.88106
-8.50211 0 -2.38106
-8.50211 0 -1.88106
-8.50211 0 -1.38106
-8.50211 0 -0.881063
-8.50211 0 -0.381063
-8.50211 0 0.118937
-8.50211 0 0.618937
-8.50211 0 1.11894
-8.50211 0 1.61894
-8.50211 0 2.11894
-8.50211 0 2.61894
-8.50211 0 3.11894
-8.50211 0 3.61894
-8.50211 0 4.11894
-8.50211 0 4.61894
-8.50211 0 5.11894
-8.50211 0 5.61894
-8.50211 0 6.11894
-8.50211 0 6.61894
-8.50211 0 7.11894
-8.50211 0 7.61894
-8.50211 0 8.11894
-8.50211 0 8.61894
-8.50211 0 9.11894
-8.50211 0 9.61894
-8.50211 0 10.1189
-8.50211 0 10.6189
-8.50211 0 11.1189
-8.50211 0 11.6189
-8.50211 0 12.1189
-8.00211 0 -12.3811
-8.00211 0 -11.8811
-8.00211 0 -11.3811
-8.00211 0 -10.8811
-8.00211 0 -10.3811
-8.00211 0 -9.88106
-8.00211 0 -9.38106
-8.00211 0 -8.88106
-8.00211 0 -8.38106
-8.00211 0 -7.88106
-8.00211 0 -7.38106
-8.00211 0 -6.88106
-8.00211 0 -6.38106
-8.00211 0 -5.88106
-8.00211 0 -5.38106
-8.00211 0 -4.88106
-8.00211 0 -4.38106
-8.00211 0 -3.88106
-8.00211 0 -3.38106
-8.00211 0 -2.88106
-8.00211 0 -2.38106
-8.00211 0 -1.88106
-8.00211 0 -1.38106
-8.00211 0 -0.881063
-8.00211 0 -0.381063
-8.00211 0 0.118937
-8.00211 0 0.618937
-8.00211 0 1.11894
-8.00211 0 1.61894
-8.00211 0 2.11894
-8.00211 0 2.61894
-8.00211 0 3.11894
-8.00211 0 3.61894
-8.00211 0 4.11894
-8.00211 0 4.61894
-8.00211 0 5.11894
-8.00211 0 5.61894
-8.00211 0 6.11894
-8.00211 0 6.61894
-8.00211 0 7.11894
-8.00211 0 7.61894
-8.00211 0 8.11894
-8.00211 0 8.61894
-8.00211 0 9.11894
-8.00211 0 9.61894
-8.00211 0 10.1189
-8.00211 0 10.6189
-8.00211 0 11.1189
-8.00211 0 11.6189
-8.00211 0 12.1189
-7.50211 0 -12.3811
-7.50211 0 -11.8811
-7.50211 0 -11.3811
-7.50211 0 -10.8811
-7.50211 0 -10.3811
-7.50211 0 -9.88106
-7.50211 0 -9.38106
-7.50211 0 -8.88106
-7.50211 0 -8.38106
-7.50211 0 -7.88106
-7.50211 0 -7.38106
-7.50211 0 -6.88106
-7.50211 0 -6.38106
-7.50211 0 -5.88106
-7.50211 0 -5.38106
-7.50211 0 -4.88106
-7.50211 0 -4.38106
-7.50211 0 -3.88106
-7.50211 0 -3.38106
-7.50211 0 -2.88106
-7.50211 0 -2.38106
-7.50211 0 -1.88106
-7.50211 0 -1.38106
-7.50211 0 -0.881063
-7.50211 0 -0.381063
-7.50211 0 0.118937
-7.50211 0 0.618937
-7.50211 0 1.11894
-7.50211 0 1.61894
-7.50211 0 2.11894
-7.50211 0 2.61894
-7.50211 0 3.11894
-7.50211 0 3.61894
-7.50211 0 4.11894
-7.50211 0 4.61894
-7.50211 0 5.11894
-7.50211 0 5.61894
-7.50211 0 6.11894
-7.50211 0 6.61894
-7.50211 0 7.11894
-7.50211 0 7.61894
-7.50211 0 8.11894
-7.50211 0 8.61894
-7.50211 0 9.11894
-7.50211 0 9.61894
-7.50211 0 10.1189
-7.50211 0 10.6189
-7.50211 0 11.1189
-7.50211 0 11.6189
-7.50211 0 12.1189
-7.00211 0 -12.3811
-7.00211 0 -11.8811
-7.00211 0 -11.3811
-7.00211 0 -10.8811
-7.00211 0 -10.3811
-7.00211 0 -9.88106
-7.00211 0 -9.38106
-7.00211 0 -8.88106
-7.00211 0 -8.38106
-7.00211 0 -7.88106
-7.00211 0 -7.38106
-7.00211 0 -6.88106
-7.00211 0 -6.38106
-7.00211 0 -5.88106
-7.00211 0 -5.38106
-7.00211 0 -4.88106
-7.00211 0 -4.38106
-7.00211 0 -3.88106
-7.00211 0 -3.38106
-7.00211 0 -2.88106
-7.00211 0 -2.38106
-7.00211 0 -1.88106
-7.00211 0 -1.38106
-7.00211 0 -0.881063
-7.00211 0 -0.381063
-7.00211 0 0.118937
-7.00211 0 0.618937
-7.00211 0 1.11894
-7.00211 0 1.61894
-7.00211 0 2.11894
-7.00211 0 2.61894
-7.00211 0 3.11894
-7.00211 0 3.61894
-7.00211 0 4.11894
-7.00211 0 4.61894
-7.00211 0 5.11894
-7.00211 0 5.61894
-7.00211 0 6.11894
-7.00211 0 6.61894
-7.00211 0 7.11894
-7.00211 0 7.61894
-7.00211 0 8.11894
-7.00211 0 8.61894
-7.00211 0 9.11894
-7.00211 0 9.61894
-7.00211 0 10.1189
-7.00211 0 10.6189
-7.00211 0 11.1189
-7.00211 0 11.6189
-7.00211 0 12.1189
-6.50211 0 -12.3811
-6.50211 0 -11.8811
-6.50211 0 -11.3811
-6.50211 0 -10.8811
-6.50211 0 -10.3811
-6.50211 0 -9.88106
-6.50211 0 -9.38106
-6.50211 0 -8.88106
-6.50211 0 -8.38106
-6.50211 0 -7.88106
-6.50211 0 -7.38106
-6.50211 0 -6.88106
-6.50211 0 -6.38106
-6.50211 0 -5.88106
-6.50211 0 -5.38106
-6.50211 0 -4.88106
-6.50211 0 -4.38106
-6.50211 0 -3.88106
-6.50211 0 -3.38106
-6.50211 0 -2.88106
-6.50211 0 -2.38106
-6.50211 0 -1.88106
-6.50211 0 -1.38106
-6.50211 0 -0.881063
-6.50211 0 -0.381063
-6.50211 0 0.118937
-6.50211 0 0.618937
-6.50211 0 1.11894
-6.50211 0 1.61894
-6.50211 0 2.11894
-6.50211 0 2.61894
-6.50211 0 3.11894
-6.50211 0 3.61894
-6.50211 0 4.11894
-6.50211 0 4.61894
-6.50211 0 5.11894
-6.50211 0 5.61894
-6.50211 0 6.11894
-6.50211 0 6.61894
-6.50211 0 7.11894
-6.50211 0 7.61894
-6.50211 0 8.11894
-6.50211 0 8.61894
-6.50211 0 9.11894
-6.50211 0 9.61894
-6.50211 0 10.1189
-6.50211 0 10.6189
-6.50211 0 11.1189
-6.50211 0 11.6189
-6.50211 0 12.1189
-6.00211 0 -12.3811
-6.00211 0 -11.8811
-6.00211 0 -11.3811
-6.00211 0 -10.8811
-6.00211 0 -10.3811
-6.00211 0 -9.88106
-6.00211 0 -9.38106
-6.00211 0 -8.88106
-6.00211 0 -8.38106
-6.00211 0 -7.88106
-6.00211 0 -7.38106
-6.00211 0 -6.88106
-6.00211 0 -6.38106
-6.00211 0 -5.88106
-6.00211 0 -5.38106
-6.00211 0 -4.88106
-6.00211 0 -4.38106
-6.00211 0 -3.88106
-6.00211 0 -3.38106
-6.00211 0 -2.88106
-6.00211 0 -2.38106
-6.00211 0 -1.88106
-6.00211 0 -1.38106
-6.00211 0 -0.881063
-6.00211 0 -0.381063
-6.00211 0 0.118937
-6.00211 0 0.618937
-6.00211 0 1.11894
-6.00211 0 1.61894
-6.00211 0 2.11894
-6.00211 0 2.61894
-6.00211 0 3.11894
-6.00211 0 3.61894
-6.00211 0 4.11894
-6.00211 0 4.61894
-6.00211 0 5.11894
-6.00211 0 5.61894
-6.00211 0 6.11894
-6.00211 0 6.61894
-6.00211 0 7.11894
-6.00211 0 7.61894
-6.00211 0 8.11894
-6.00211 0 8.61894
-6.00211 0 9.11894
-6.00211 0 9.61894
-6.00211 0 10.1189
-6.00211 0 10.6189
-6.00211 0 11.1189
-6.00211 0 11.6189
-6.00211 0 12.1189
-5.50211 0 -12.3811
-5.50211 0 -11.8811
-5.50211 0 -11.3811
-5.50211 0 -10.8811
-5.50211 0 -10.3811
-5.50211 0 -9.88106
-5.50211 0 -9.38106
-5.50211 0 -8.88106
-5.50211 0 -8.38106
-5.50211 0 -7.88106
-5.50211 0 -7.38106
-5.50211 0 -6.88106
-5.50211 0 -6.38106
-5.50211 0 -5.88106
-5.50211 0 -5.38106
-5.50211 0 -4.88106
-5.50211 0 -4.38106
-5.50211 0 -3.88106
-5.50211 0 -3.38106
-5.50211 0 -2.88106
-5.50211 0 -2.38106
-5.50211 0 -1.88106
-5.50211 0 -1.38106
-5.50211 0 -0.881063
-5.50211 0 -0.381063
-5.50211 0 0.118937
-5.50211 0 0.618937
-5.50211 0 1.11894
-5.50211 0 1.61894
-5.50211 0 2.11894
-5.50211 0 2.61894
-5.50211 0 3.11894
-5.50211 0 3.61894
-5.50211 0 4.11894
-5.50211 0 4.61894
-5.50211 0 5.11894
-5.50211 0 5.61894
-5.50211 0 6.11894
-5.50211 0 6.61894
-5.50211 0 7.11894
-5.50211 0 7.61894
-5.50211 0 8.11894
-5.50211 0 8.61894
-5.50211 0 9.11894
-5.50211 0 9.61894
-5.50211 0 10.1189
-5.50211 0 10.6189
-5.50211 0 11.1189
-5.50211 0 11.6189
-5.50211 0 12.1189
-5.00211 0 -12.3811
-5.00211 0 -11.8811
-5.00211 0 -11.3811
-5.00211 0 -10.8811
-5.00211 0 -10.3811
-5.00211 0 -9.88106
-5.00211 0 -9.38106
-5.00211 0 -8.88106
-5.00211 0 -8.38106
-5.00211 0 -7.88106
-5.00211 0 -7.38106
-5.00211 0 -6.88106
-5.00211 0 -6.38106
-5.00211 0 -5.88106
-5.00211 0 -5.38106
-5.00211 0 -4.88106
-5.00211 0 -4.38106
-5.00211 0 -3.88106
-5.00211 0 -3.38106
-5.00211 0 -2.88106
-5.00211 0 -2.38106
-5.00211 0 -1.88106
-5.00211 0 -1.38106
-5.00211 0 -0.881063
-5.00211 0 -0.381063
-5.00211 0 0.118937
-5.00211 0 0.618937
-5.00211 0 1.11894
-5.00211 0 1.61894
-5.00211 0 2.11894
-5.00211 0 2.61894
-5.00211 0 3.11894
-5.00211 0 3.61894
-5.00211 0 4.11894
-5.00211 0 4.61894
-5.00211 0 5.11894
-5.00211 0 5.61894
-5.00211 0 6.11894
-5.00211 0 6.61894
-5.00211 0 7.11894
-5.00211 0 7.61894
-5.00211 0 8.11894
-5.00211 0 8.61894
-5.00211 0 9.11894
-5.00211 0 9.61894
-5.00211 0 10.1189
-5.00211 0 10.6189
-5.00211 0 11.1189
-5.00211 0 11.6189
-5.00211 0 12.1189
-4.50211 0 -12.3811
-4.50211 0 -11.8811
-4.50211 0 -11.3811
-4.50211 0 -10.8811
-4.50211 0 -10.3811
-4.50211 0 -9.88106
-4.50211 0 -9.38106
-4.50211 0 -8.88106
-4.50211 0 -8.38106
-4.50211 0 -7.88106
-4.50211 0 -7.38106
-4.50211 0 -6.88106
-4.50211 0 -6.38106
-4.50211 0 -5.88106
-4.50211 0 -5.38106
-4.50211 0 -4.88106
-4.50211 0 -4.38106
-4.50211 0 -3.88106
-4.50211 0 -3.38106
-4.50211 0 -2.88106
-4.50211 0 -2.38106
-4.50211 0 -1.88106
-4.50211 0 -1.38106
-4.50211 0 -0.881063
-4.50211 0 -0.381063
-4.50211 0 0.118937
-4.50211 0 0.618937
-4.50211 0 1.11894
-4.50211 0 1.61894
-4.50211 0 2.11894
-4.50211 0 2.61894
-4.50211 0 3.11894
-4.50211 0 3.61894
-4.50211 0 4.11894
-4.50211 0 4.61894
-4.50211 0 5.11894
-4.50211 0 5.61894
-4.50211 0 6.11894
-4.50211 0 6.61894
-4.50211 0 7.11894
-4.50211 0 7.61894
-4.50211 0 8.11894
-4.50211 0 8.61894
-4.50211 0 9.11894
-4.50211 0 9.61894
-4.50211 0 10.1189
-4.50211 0 10.6189
-4.50211 0 11.1189
-4.50211 0 11.6189
-4.50211 0 12.1189
-4.00211 0 -12.3811
-4.00211 0 -11.8811
-4.00211 0 -11.3811
-4.00211 0 -10.8811
-4.00211 0 -10.3811
-4.00211 0 -9.88106
-4.00211 0 -9.38106
-4.00211 0 -8.88106
-4.00211 0 -8.38106
-4.00211 0 -7.88106
-4.00211 0 -7.38106
-4.00211 0 -6.88106
-4.00211 0 -6.38106
-4.00211 0 -5.88106
-4.00211 0 -5.38106
-4.00211 0 -4.88106
-4.00211 0 -4.38106
-4.00211 0 -3.88106
-4.00211 0 -3.38106
-4.00211 0 -2.88106
-4.00211 0 -2.38106
-4.00211 0 -1.88106
-4.00211 0 -1.38106
-4.00211 0 -0.881063
-4.00211 0 -0.381063
-4.00211 0 0.118937
-4.00211 0 0.618937
-4.00211 0 1.11894
-4.00211 0 1.61894
-4.00211 0 2.11894
-4.00211 0 2.61894
-4.00211 0 3.11894
-4.00211 0 3.61894
-4.00211 0 4.11894
-4.00211 0 4.61894
-4.00211 0 5.11894
-4.00211 0 5.61894
-4.00211 0 6.11894
-4.00211 0 6.61894
-4.00211 0 7.11894
-4.00211 0 7.61894
-4.00211 0 8.11894
-4.00211 0 8.61894
-4.00211 0 9.11894
-4.00211 0 9.61894
-4.00211 0 10.1189
-4.00211 0 10.6189
-4.00211 0 11.1189
-4.00211 0 11.6189
-4.00211 0 12.1189
-3.50211 0 -12.3811
-3.50211 0 -11.8811
-3.50211 0 -11.3811
-3.50211 0 -10.8811
-3.50211 0 -10.3811
-3.50211 0 -9.88106
-3.50211 0 -9.38106
-3.50211 0 -8.88106
-3.50211 0 -8.38106
-3.50211 0 -7.88106
-3.50211 0 -7.38106
-3.50211 0 -6.88106
-3.50211 0 -6.38106
-3.50211 0 -5.88106
-3.50211 0 -5.38106
-3.50211 0 -4.88106
-3.50211 0 -4.38106
-3.50211 0 -3.88106
-3.50211 0 -3.38106
-3.50211 0 -2.88106
-3.50211 0 -2.38106
-3.50211 0 -1.88106
-3.50211 0 -1.38106
-3.50211 0 -0.881063
-3.50211 0 -0.381063
-3.50211 0 0.118937
-3.50211 0 0.618937
-3.50211 0 1.11894
-3.50211 0 1.61894
-3.50211 0 2.11894
-3.50211 0 2.61894
-3.50211 0 3.11894
-3.50211 0 3.61894
-3.50211 0 4.11894
-3.50211 0 4.61894
-3.50211 0 5.11894
-3.50211 0 5.61894
-3.50211 0 6.11894
-3.50211 0 6.61894
-3.50211 0 7.11894
-3.50211 0 7.61894
-3.50211 0 8.11894
-3.50211 0 8.61894
-3.50211 0 9.11894
-3.50211 0 9.61894
-3.50211 0 10.1189
-3.50211 0 10.6189
-3.50211 0 11.1189
-3.50211 0 11.6189
-3.50211 0 12.1189
-3.00211 0 -12.3811
-3.00211 0 -11.8811
-3.00211 0 -11.3811
-3.00211 0 -10.8811
-3.00211 0 -10.3811
-3.00211 0 -9.88106
-3.00211 0 -9.38106
-3.00211 0 -8.88106
-3.00211 0 -8.38106
-3.00211 0 -7.88106
-3.00211 0 -7.38106
-3.00211 0 -6.88106
-3.00211 0 -6.38106
-3.00211 0 -5.88106
-3.00211 0 -5.38106
-3.00211 0 -4.88106
-3.00211 0 -4.38106
-3.00211 0 -3.88106
-3.00211 0 -3.38106
-3.00211 0 -2.88106
-3.00211 0 -2.38106
-3.00211 0 -1.88106
-3.00211 0 -1.38106
-3.00211 0 -0.881063
-3.00211 0 -0.381063
-3.00211 0 0.118937
-3.00211 0 0.618937
-3.00211 0 1.11894
-3.00211 0 1.61894
-3.00211 0 2.11894
-3.00211 0 2.61894
-3.00211 0 3.11894
-3.00211 0 3.61894
-3.00211 0 4.11894
-3.00211 0 4.61894
-3.00211 0 5.11894
-3.00211 0 5.61894
-3.00211 0 6.11894
-3.00211 0 6.61894
-3.00211 0 7.11894
-3.00211 0 7.61894
-3.00211 0 8.11894
-3.00211 0 8.61894
-3.00211 0 9.11894
-3.00211 0 9.61894
-3.00211 0 10.1189
-3.00211 0 10.6189
-3.00211 0 11.1189
-3.00211 0 11.6189
-3.00211 0 12.1189
-2.50211 0 -12.3811
-2.50211 0 -11.8811
-2.50211 0 -11.3811
-2.50211 0 -10.8811
-2.50211 0 -10.3811
-2.50211 0 -9.88106
-2.50211 0 -9.38106
-2.50211 0 -8.88106
-2.50211 0 -8.38106
-2.50211 0 -7.88106
-2.50211 0 -7.38106
-2.50211 0 -6.88106
-2.50211 0 -6.38106
-2.50211 0 -5.88106
-2.50211 0 -5.38106
-2.50211 0 -4.88106
-2.50211 0 -4.38106
-2.50211 0 -3.88106
-2.50211 0 -3.38106
-2.50211 0 -2.88106
-2.50211 0 -2.38106
-2.50211 0 -1.88106
-2.50211 0 -1.38106
-2.50211 0 -0.881063
-2.50211 0 -0.381063
-2.50211 0 0.118937
-2.50211 0 0.618937
-2.50211 0 1.11894
-2.50211 0 1.61894
-2.50211 0 2.11894
-2.50211 0 2.61894
-2.50211 0 3.11894
-2.50211 0 3.61894
-2.50211 0 4.11894
-2.50211 0 4.61894
-2.50211 0 5.11894
-2.50211 0 5.61894
-2.50211 0 6.11894
-2.50211 0 6.61894
-2.50211 0 7.11894
-2.50211 0 7.61894
-2.50211 0 8.11894
-2.50211 0 8.61894
-2.50211 0 9.11894
-2.50211 0 9.61894
-2.50211 0 10.1189
-2.50211 0 10.6189
-2.50211 0 11.1189
-2.50211 0 11.6189
-2.50211 0 12.1189
-2.00211 0 -12.3811
-2.00211 0 -11.8811
-2.00211 0 -11.3811
-2.00211 0 -10.8811
-2.00211 0 -10.3811
-2.00211 0 -9.88106
-2.00211 0 -9.38106
-2.00211 0 -8.88106
-2.00211 0 -8.38106
-2.00211 0 -7.88106
-2.00211 0 -7.38106
-2.00211 0 -6.88106
-2.00211 0 -6.38106
-2.00211 0 -5.88106
-2.00211 0 -5.38106
-2.00211 0 -4.88106
-2.00211 0 -4.38106
-2.00211 0 -3.88106
-2.00211 0 -3.38106
-2.00211 0 -2.88106
-2.00211 0 -2.38106
-2.00211 0 -1.88106
-2.00211 0 -1.38106
-2.00211 0 -0.881063
-2.00211 0 -0.381063
-2.00211 0 0.118937
-2.00211 0 0.618937
-2.00211 0 1.11894
-2.00211 0 1.61894
-2.00211 0 2.11894
-2.00211 0 2.61894
-2.00211 0 3.11894
-2.00211 0 3.61894
-2.00211 0 4.11894
-2.00211 0 4.61894
-2.00211 0 5.11894
-2.00211 0 5.61894
-2.00211 0 6.11894
-2.00211 0 6.61894
-2.00211 0 7.11894
-2.00211 0 7.61894
-2.00211 0 8.11894
-2.00211 0 8.61894
-2.00211 0 9.11894
-2.00211 0 9.61894
-2.00211 0 10.1189
-2.00211 0 10.6189
-2.00211 0 11.1189
-2.00211 0 11.6189
-2.00211 0 12.1189
-1.50211 0 -12.3811
-1.50211 0 -11.8811
-1.50211 0 -11.3811
-1.50211 0 -10.8811
-1.50211 0 -10.3811
-1.50211 0 -9.88106
-1.50211 0 -9.38106
-1.50211 0 -8.88106
-1.50211 0 -8.38106
-1.50211 0 -7.88106
-1.50211 0 -7.38106
-1.50211 0 -6.88106
-1.50211 0 -6.38106
-1.50211 0 -5.88106
-1.50211 0 -5.38106
-1.50211 0 -4.88106
-1.50211 0 -4.38106
-1.50211 0 -3.88106
-1.50211 0 -3.38106
-1.50211 0 -2.88106
-1.50211 0 -2.38106
-1.50211 0 -1.88106
-1.50211 0 -1.38106
-1.50211 0 -0.881063
-1.50211 0 -0.381063
-1.50211 0 0.118937
-1.50211 0 0.618937
-1.50211 0 1.11894
-1.50211 0 1.61894
-1.50211 0 2.11894
-1.50211 0 2.61894
-1.50211 0 3.11894
-1.50211 0 3.61894
-1.50211 0 4.11894
-1.50211 0 4.61894
-1.50211 0 5.11894
-1.50211 0 5.61894
-1.50211 0 6.11894
-1.50211 0 6.61894
-1.50211 0 7.11894
-1.50211 0 7.61894
-1.50211 0 8.11894
-1.50211 0 8.61894
-1.50211 0 9.11894
-1.50211 0 9.61894
-1.50211 0 10.1189
-1.50211 0 10.6189
-1.50211 0 11.1189
-1.50211 0 11.6189
-1.50211 0 12.1189
-1.00211 0 -12.3811
-1.00211 0 -11.8811
-1.00211 0 -11.3811
-1.00211 0 -10.8811
-1.00211 0 -10.3811
-1.00211 0 -9.88106
-1.00211 0 -9.38106
-1.00211 0 -8.88106
-1.00211 0 -8.38106
-1.00211 0 -7.88106
-1.00211 0 -7.38106
-1.00211 0 -6.88106
-1.00211 0 -6.38106
-1.00211 0 -5.88106
-1.00211 0 -5.38106
-1.00211 0 -4.88106
-1.00211 0 -4.38106
-1.00211 0 -3.88106
-1.00211 0 -3.38106
-1.00211 0 -2.88106
-1.00211 0 -2.38106
-1.00211 0 -1.88106
-1.00211 0 -1.38106
-1.00211 0 -0.881063
-1.00211 0 -0.381063
-1.00211 0 0.118937
-1.00211 0 0.618937
-1.00211 0 1.11894
-1.00211 0 1.61894
-1.00211 0 2.11894
-1.00211 0 2.61894
-1.00211 0 3.11894
-1.00211 0 3.61894
-1.00211 0 4.11894
-1.00211 0 4.61894
-1.00211 0 5.11894
-1.00211 0 5.61894
-1.00211 0 6.11894
-1.00211 0 6.61894
-1.00211 0 7.11894
-1.00211 0 7.61894
-1.00211 0 8.11894
-1.00211 0 8.61894
-1.00211 0 9.11894
-1.00211 0 9.61894
-1.00211 0 10.1189
-1.00211 0 10.6189
-1.00211 0 11.1189
-1.00211 0 11.6189
-1.00211 0 12.1189
-0.50211 0 -12.3811
-0.50211 0 -11.8811
-0.50211 0 -11.3811
-0.50211 0 -10.8811
-0.50211 0 -10.3811
-0.50211 0 -9.88106
-0.50211 0 -9.38106
-0.50211 0 -8.88106
-0.50211 0 -8.38106
-0.50211 0 -7.88106
-0.50211 0 -7.38106
-0.50211 0 -6.88106
-0.50211 0 -6.38106
-0.50211 0 -5.88106
-0.50211 0 -5.38106
-0.50211 0 -4.88106
-0.50211 0 -4.38106
-0.50211 0 -3.88106
-0.50211 0 -3.38106
-0.50211 0 -2.88106
-0.50211 0 -2.38106
-0.50211 0 -1.88106
-0.50211 0 -1.38106
-0.50211 0 -0.881063
-0.50211 0 -0.381063
-0.50211 0 0.118937
-0.50211 0 0.618937
-0.50211 0 1.11894
-0.50211 0 1.61894
-0.50211 0 2.11894
-0.50211 0 2.61894
-0.50211 0 3.11894
-0.50211 0 3.61894
-0.50211 0 4.11894
-0.50211 0 4.61894
-0.50211 0 5.11894
-0.50211 0 5.61894
-0.50211 0 6.11894
-0.50211 0 6.61894
-0.50211 0 7.11894
-0.50211 0 7.61894
-0.50211 0 8.11894
-0.50211 0 8.61894
-0.50211 0 9.11894
-0.50211 0 9.61894
-0.50211 0 10.1189
-0.50211 0 10.6189
-0.50211 0 11.1189
-0.50211 0 11.6189
-0.50211 0 12.1189
-0.00210953 0 -12.3811
-0.00210953 0 -11.8811
-0.00210953 0 -11.3811
-0.00210953 0 -10.8811
-0.00210953 0 -10.3811
-0.00210953 0 -9.88106
-0.00210953 0 -9.38106
-0.00210953 0 -8.88106
-0.00210953 0 -8.38106
-0.00210953 0 -7.88106
-0.00210953 0 -7.38106
-0.00210953 0 -6.88106
-0.00210953 0 -6.38106
-0.00210953 0 -5.88106
-0.00210953 0 -5.38106
-0.00210953 0 -4.88106
-0.00210953 0 -4.38106
-0.00210953 0 -3.88106
-0.00210953 0 -3.38106
-0.00210953 0 -2.88106
-0.00210953 0 -2.38106
-0.00210953 0 -1.88106
-0.00210953 0 -1.38106
-0.00210953 0 -0.881063
-0.00210953 0 -0.381063
-0.00210953 0 0.118937
-0.00210953 0 0.618937
-0.00210953 0 1.11894
-0.00210953 0 1.61894
-0.00210953 0 2.11894
-0.00210953 0 2.61894
-0.00210953 0 3.11894
-0.00210953 0 3.61894
-0.00210953 0 4.11894
-0.00210953 0 4.61894
-0.00210953 0 5.11894
-0.00210953 0 5.61894
-0.00210953 0 6.11894
-0.00210953 0 6.61894
-0.00210953 0 7.11894
-0.00210953 0 7.61894
-0.00210953 0 8.11894
-0.00210953 0 8.61894
-0.00210953 0 9.11894
-0.00210953 0 9.61894
-0.00210953 0 10.1189
-0.00210953 0 10.6189
-0.00210953 0 11.1189
-0.00210953 0 11.6189
-0.00210953 0 12.1189
0.49789 0 -12.3811
0.49789 0 -11.8811
0.49789 0 -11.3811
0.49789 0 -10.8811
0.49789 0 -10.3811
0.49789 0 -9.88106
0.49789 0 -9.38106
0.49789 0 -8.88106
0.49789 0 -8.38106
0.49789 0 -7.88106
0.49789 0 -7.38106
0.49789 0 -6.88106
0.49789 0 -6.38106
0.49789 0 -5.88106
0.49789 0 -5.38106
0.49789 0 -4.88106
0.49789 0 -4.38106
0.49789 0 -3.88106
0.49789 0 -3.38106
0.49789 0 -2.88106
0.49789 0 -2.38106
0.49789 0 -1.88106
0.49789 0 -1.38106
0.49789 0 -0.881063
0.49789 0 -0.381063
0.49789 0 0.118937
0.49789 0 0.618937
0.49789 0 1.11894
0.49789 0 1.61894
0.49789 0 2.11894
0.49789 0 2.61894
0.49789 0 3.11894
0.49789 0 3.61894
0.49789 0 4.11894
0.49789 0 4.61894
0.49789 0 5.11894
0.49789 0 5.61894
0.49789 0 6.11894
0.49789 0 6.61894
0.49789 0 7.11894
0.49789 0 7.61894
0.49789 0 8.11894
0.49789 0 8.61894
0.49789 0 9.11894
0.49789 0 9.61894
0.49789 0 10.1189
0.49789 0 10.6189
0.49789 0 11.1189
0.49789 0 11.6189
0.49789 0 12.1189
0.99789 0 -12.3811
0.99789 0 -11.8811
0.99789 0 -11.3811
0.99789 0 -10.8811
0.99789 0 -10.3811
0.99789 0 -9.88106
0.99789 0 -9.38106
0.99789 0 -8.88106
0.99789 0 -8.38106
0.99789 0 -7.88106
0.99789 0 -7.38106
0.99789 0 -6.88106
0.99789 0 -6.38106
0.99789 0 -5.88106
0.99789 0 -5.38106
0.99789 0 -4.88106
0.99789 0 -4.38106
0.99789 0 -3.88106
0.99789 0 -3.38106
0.99789 0 -2.88106
0.99789 0 -2.38106
0.99789 0 -1.88106
0.99789 0 -1.38106
0.99789 0 -0.881063
0.99789 0 -0.381063
0.99789 0 0.118937
0.99789 0 0.618937
0.99789 0 1.11894
0.99789 0 1.61894
0.99789 0 2.11894
0.99789 0 2.61894
0.99789 0 3.11894
0.99789 0 3.61894
0.99789 0 4.11894
0.99789 0 4.61894
0.99789 0 5.11894
0.99789 0 5.61894
0.99789 0 6.11894
0.99789 0 6.61894
0.99789 0 7.11894
0.99789 0 7.61894
0.99789 0 8.11894
0.99789 0 8.61894
0.99789 0 9.11894
0.99789 0 9.61894
0.99789 0 10.1189
0.99789 0 10.6189
0.99789 0 11.1189
0.99789 0 11.6189
0.99789 0 12.1189
1.49789 0 -12.3811
1.49789 0 -11.8811
1.49789 0 -11.3811
1.49789 0 -10.8811
1.49789 0 -10.3811
1.49789 0 -9.88106
1.49789 0 -9.38106
1.49789 0 -8.88106
1.49789 0 -8.38106
1.49789 0 -7.88106
1.49789 0 -7.38106
1.49789 0 -6.88106
1.49789 0 -6.38106
1.49789 0 -5.88106
1.49789 0 -5.38106
1.49789 0 -4.88106
1.49789 0 -4.38106
1.49789 0 -3.88106
1.49789 0 -3.38106
1.49789 0 -2.88106
1.49789 0 -2.38106
1.49789 0 -1.88106
1.49789 0 -1.38106
1.49789 0 -0.881063
1.49789 0 -0.381063
1.49789 0 0.118937
1.49789 0 0.618937
1.49789 0 1.11894
1.49789 0 1.61894
1.49789 0 2.11894
1.49789 0 2.61894
1.49789 0 3.11894
1.49789 0 3.61894
1.49789 0 4.11894
1.49789 0 4.61894
1.49789 0 5.11894
1.49789 0 5.61894
1.49789 0 6.11894
1.49789 0 6.61894
1.49789 0 7.11894
1.49789 0 7.61894
1.49789 0 8.11894
1.49789 0 8.61894
1.49789 0 9.11894
1.49789 0 9.61894
1.49789 0 10.1189
1.49789 0 10.6189
1.49789 0 11.1189
1.49789 0 11.6189
1.49789 0 12.1189
1.99789 0 -12.3811
1.99789 0 -11.8811
1.99789 0 -11.3811
1.99789 0 -10.8811
1.99789 0 -10.3811
1.99789 0 -9.88106
1.99789 0 -9.38106
1.99789 0 -8.88106
1.99789 0 -8.38106
1.99789 0 -7.88106
1.99789 0 -7.38106
1.99789 0 -6.88106
1.99789 0 -6.38106
1.99789 0 -5.88106
1.99789 0 -5.38106
1.99789 0 -4.88106
1.99789 0 -4.38106
1.99789 0 -3.88106
1.99789 0 -3.38106
1.99789 0 -2.88106
1.99789 0 -2.38106
1.99789 0 -1.88106
1.99789 0 -1.38106
1.99789 0 -0.881063
1.99789 0 -0.381063
1.99789 0 0.118937
1.99789 0 0.618937
1.99789 0 1.11894
1.99789 0 1.61894
1.99789 0 2.11894
1.99789 0 2.61894
1.99789 0 3.11894
1.99789 0 3.61894
1.99789 0 4.11894
1.99789 0 4.61894
1.99789 0 5.11894
1.99789 0 5.61894
1.99789 0 6.11894
1.99789 0 6.61894
1.99789 0 7.11894
1.99789 0 7.61894
1.99789 0 8.11894
1.99789 0 8.61894
1.99789 0 9.11894
1.99789 0 9.61894
1.99789 0 10.1189
1.99789 0 10.6189
1.99789 0 11.1189
1.99789 0 11.6189
1.99789 0 12.1189
2.49789 0 -12.3811
2.49789 0 -11.8811
2.49789 0 -11.3811
2.49789 0 -10.8811
2.49789 0 -10.3811
2.49789 0 -9.88106
2.49789 0 -9.38106
2.49789 0 -8.88106
2.49789 0 -8.38106
2.49789 0 -7.88106
2.49789 0 -7.38106
2.49789 0 -6.88106
2.49789 0 -6.38106
2.49789 0 -5.88106
2.49789 0 -5.38106
2.49789 0 -4.88106
2.49789 0 -4.38106
2.49789 0 -3.88106
2.49789 0 -3.38106
2.49789 0 -2.88106
2.49789 0 -2.38106
2.49789 0 -1.88106
2.49789 0 -1.38106
2.49789 0 -0.881063
2.49789 0 -0.381063
2.49789 0 0.118937
2.49789 0 0.618937
2.49789 0 1.11894
2.49789 0 1.61894
2.49789 0 2.11894
2.49789 0 2.61894
2.49789 0 3.11894
2.49789 0 3.61894
2.49789 0 4.11894
2.49789 0 4.61894
2.49789 0 5.11894
2.49789 0 5.61894
2.49789 0 6.11894
2.49789 0 6.61894
2.49789 0 7.11894
2.49789 0 7.61894
2.49789 0 8.11894
2.49789 0 8.61894
2.49789 0 9.11894
2.49789 0 9.61894
2.49789 0 10.1189
2.49789 0 10.6189
2.49789 0 11.1189
2.49789 0 11.6189
2.49789 0 12.1189
2.99789 0 -12.3811
2.99789 0 -11.8811
2.99789 0 -11.3811
2.99789 0 -10.8811
2.99789 0 -10.3811
2.99789 0 -9.88106
2.99789 0 -9.38106
2.99789 0 -8.88106
2.99789 0 -8.38106
2.99789 0 -7.88106
2.99789 0 -7.38106
2.99789 0 -6.88106
2.99789 0 -6.38106
2.99789 0 -5.88106
2.99789 0 -5.38106
2.99789 0 -4.88106
2.99789 0 -4.38106
2.99789 0 -3.88106
2.99789 0 -3.38106
2.99789 0 -2.88106
2.99789 0 -2.38106
2.99789 0 -1.88106
2.99789 0 -1.38106
2.99789 0 -0.881063
2.99789 0 -0.381063
2.99789 0 0.118937
2.99789 0 0.618937
2.99789 0 1.11894
2.99789 0 1.61894
2.99789 0 2.11894
2.99789 0 2.61894
2.99789 0 3.11894
2.99789 0 3.61894
2.99789 0 4.11894
2.99789 0 4.61894
2.99789 0 5.11894
2.99789 0 5.61894
2.99789 0 6.11894
2.99789 0 6.61894
2.99789 0 7.11894
2.99789 0 7.61894
2.99789 0 8.11894
2.99789 0 8.61894
2.99789 0 9.11894
2.99789 0 9.61894
2.99789 0 10.1189
2.99789 0 10.6189
2.99789 0 11.1189
2.99789 0 11.6189
2.99789 0 12.1189
3.49789 0 -12.3811
3.49789 0 -11.8811
3.49789 0 -11.3811
3.49789 0 -10.8811
3.49789 0 -10.3811
3.49789 0 -9.88106
3.49789 0 -9.38106
3.49789 0 -8.88106
3.49789 0 -8.38106
3.49789 0 -7.88106
3.49789 0 -7.38106
3.49789 0 -6.88106
3.49789 0 -6.38106
3.49789 0 -5.88106
3.49789 0 -5.38106
3.49789 0 -4.88106
3.49789 0 -4.38106
3.49789 0 -3.88106
3.49789 0 -3.38106
3.49789 0 -2.88106
3.49789 0 -2.38106
3.49789 0 -1.88106
3.49789 0 -1.38106
3.49789 0 -0.881063
3.49789 0 -0.381063
3.49789 0 0.118937
3.49789 0 0.618937
3.49789 0 1.11894
3.49789 0 1.61894
3.49789 0 2.11894
3.49789 0 2.61894
3.49789 0 3.11894
3.49789 0 3.61894
3.49789 0 4.11894
3.49789 0 4.61894
3.49789 0 5.11894
3.49789 0 5.61894
3.49789 0 6.11894
3.49789 0 6.61894
3.49789 0 7.11894
3.49789 0 7.61894
3.49789 0 8.11894
3.49789 0 8.61894
3.49789 0 9.11894
3.49789 0 9.61894
3.49789 0 10.1189
3.49789 0 10.6189
3.49789 0 11.1189
3.49789 0 11.6189
3.49789 0 12.1189
3.99789 0 -12.3811
3.99789 0 -11.8811
3.99789 0 -11.3811
3.99789 0 -10.8811
3.99789 0 -10.3811
3.99789 0 -9.88106
3.99789 0 -9.38106
3.99789 0 -8.88106
3.99789 0 -8.38106
3.99789 0 -7.88106
3.99789 0 -7.38106
3.99789 0 -6.88106
3.99789 0 -6.38106
3.99789 0 -5.88106
3.99789 0 -5.38106
3.99789 0 -4.88106
3.99789 0 -4.38106
3.99789 0 -3.88106
3.99789 0 -3.38106
3.99789 0 -2.88106
3.99789 0 -2.38106
3.99789 0 -1.88106
3.99789 0 -1.38106
3.99789 0 -0.881063
3.99789 0 -0.381063
3.99789 0 0.118937
3.99789 0 0.618937
3.99789 0 1.11894
3.99789 0 1.61894
3.99789 0 2.11894
3.99789 0 2.61894
3.99789 0 3.11894
3.99789 0 3.61894
3.99789 0 4.11894
3.99789 0 4.61894
3.99789 0 5.11894
3.99789 0 5.61894
3.99789 0 6.11894
3.99789 0 6.61894
3.99789 0 7.11894
3.99789 0 7.61894
3.99789 0 8.11894
3.99789 0 8.61894
3.99789 0 9.11894
3.99789 0 9.61894
3.99789 0 10.1189
3.99789 0 10.6189
3.99789 0 11.1189
3.99789 0 11.6189
3.99789 0 12.1189
4.49789 0 -12.3811
4.49789 0 -11.8811
4.49789 0 -11.3811
4.49789 0 -10.8811
4.49789 0 -10.3811
4.49789 0 -9.88106
4.49789 0 -9.38106
4.49789 0 -8.88106
4.49789 0 -8.38106
4.49789 0 -7.88106
4.49789 0 -7.38106
4.49789 0 -6.88106
4.49789 0 -6.38106
4.49789 0 -5.88106
4.49789 0 -5.38106
4.49789 0 -4.88106
4.49789 0 -4.38106
4.49789 0 -3.88106
4.49789 0 -3.38106
4.49789 0 -2.88106
4.49789 0 -2.38106
4.49789 0 -1.88106
4.49789 0 -1.38106
4.49789 0 -0.881063
4.49789 0 -0.381063
4.49789 0 0.118937
4.49789 0 0.618937
4.49789 0 1.11894
4.49789 0 1.61894
4.49789 0 2.11894
4.49789 0 2.61894
4.49789 0 3.11894
4.49789 0 3.61894
4.49789 0 4.11894
4.49789 0 4.61894
4.49789 0 5.11894
4.49789 0 5.61894
4.49789 0 6.11894
4.49789 0 6.61894
4.49789 0 7.11894
4.49789 0 7.61894
4.49789 0 8.11894
4.49789 0 8.61894
4.49789 0 9.11894
4.49789 0 9.61894
4.49789 0 10.1189
4.49789 0 10.6189
4.49789 0 11.1189
4.49789 0 11.6189
4.49789 0 12.1189
4.99789 0 -12.3811
4.99789 0 -11.8811
4.99789 0 -11.3811
4.99789 0 -10.8811
4.99789 0 -10.3811
4.99789 0 -9.88106
4.99789 0 -9.38106
4.99789 0 -8.88106
4.99789 0 -8.38106
4.99789 0 -7.88106
4.99789 0 -7.38106
4.99789 0 -6.88106
4.99789 0 -6.38106
4.99789 0 -5.88106
4.99789 0 -5.38106
4.99789 0 -4.88106
4.99789 0 -4.38106
4.99789 0 -3.88106
4.99789 0 -3.38106
4.99789 0 -2.88106
4.99789 0 -2.38106
4.99789 0 -1.88106
4.99789 0 -1.38106
4.99789 0 -0.881063
4.99789 0 -0.381063
4.99789 0 0.118937
4.99789 0 0.618937
4.99789 0 1.11894
4.99789 0 1.61894
4.99789 0 2.11894
4.99789 0 2.61894
4.99789 0 3.11894
4.99789 0 3.61894
4.99789 0 4.11894
4.99789 0 4.61894
4.99789 0 5.11894
4.99789 0 5.61894
4.99789 0 6.11894
4.99789 0 6.61894
4.99789 0 7.11894
4.99789 0 7.61894
4.99789 0 8.11894
4.99789 0 8.61894
4.99789 0 9.11894
4.99789 0 9.61894
4.99789 0 10.1189
4.99789 0 10.6189
4.99789 0 11.1189
4.99789 0 11.6189
4.99789 0 12.1189
5.49789 0 -12.3811
5.49789 0 -11.8811
5.49789 0 -11.3811
5.49789 0 -10.8811
5.49789 0 -10.3811
5.49789 0 -9.88106
5.49789 0 -9.38106
5.49789 0 -8.88106
5.49789 0 -8.38106
5.49789 0 -7.88106
5.49789 0 -7.38106
5.49789 0 -6.88106
5.49789 0 -6.38106
5.49789 0 -5.88106
5.49789 0 -5.38106
5.49789 0 -4.88106
5.49789 0 -4.38106
5.49789 0 -3.88106
5.49789 0 -3.38106
5.49789 0 -2.88106
5.49789 0 -2.38106
5.49789 0 -1.88106
5.49789 0 -1.38106
5.49789 0 -0.881063
5.49789 0 -0.381063
5.49789 0 0.118937
5.49789 0 0.618937
5.49789 0 1.11894
5.49789 0 1.61894
5.49789 0 2.11894
5.49789 0 2.61894
5.49789 0 3.11894
5.49789 0 3.61894
5.49789 0 4.11894
5.49789 0 4.61894
5.49789 0 5.11894
5.49789 0 5.61894
5.49789 0 6.11894
5.49789 0 6.61894
5.49789 0 7.11894
5.49789 0 7.61894
5.49789 0 8.11894
5.49789 0 8.61894
5.49789 0 9.11894
5.49789 0 9.61894
5.49789 0 10.1189
5.49789 0 10.6189
5.49789 0 11.1189
5.49789 0 11.6189
5.49789 0 12.1189
5.99789 0 -12.3811
5.99789 0 -11.8811
5.99789 0 -11.3811
5.99789 0 -10.8811
5.99789 0 -10.3811
5.99789 0 -9.88106
5.99789 0 -9.38106
5.99789 0 -8.88106
5.99789 0 -8.38106
5.99789 0 -7.88106
5.99789 0 -7.38106
5.99789 0 -6.88106
5.99789 0 -6.38106
5.99789 0 -5.88106
5.99789 0 -5.38106
5.99789 0 -4.88106
5.99789 0 -4.38106
5.99789 0 -3.88106
5.99789 0 -3.38106
5.99789 0 -2.88106
5.99789 0 -2.38106
5.99789 0 -1.88106
5.99789 0 -1.38106
5.99789 0 -0.881063
5.99789 0 -0.381063
5.99789 0 0.118937
5.99789 0 0.618937
5.99789 0 1.11894
5.99789 0 1.61894
5.99789 0 2.11894
5.99789 0 2.61894
5.99789 0 3.11894
5.99789 0 3.61894
5.99789 0 4.11894
5.99789 0 4.61894
5.99789 0 5.11894
5.99789 0 5.61894
5.99789 0 6.11894
5.99789 0 6.61894
5.99789 0 7.11894
5.99789 0 7.61894
5.99789 0 8.11894
5.99789 0 8.61894
5.99789 0 9.11894
5.99789 0 9.61894
5.99789 0 10.1189
5.99789 0 10.6189
5.99789 0 11.1189
5.99789 0 11.6189
5.99789 0 12.1189
6.49789 0 -12.3811
6.49789 0 -11.8811
6.49789 0 -11.3811
6.49789 0 -10.8811
6.49789 0 -10.3811
6.49789 0 -9.88106
6.49789 0 -9.38106
6.49789 0 -8.88106
6.49789 0 -8.38106
6.49789 0 -7.88106
6.49789 0 -7.38106
6.49789 0 -6.88106
6.49789 0 -6.38106
6.49789 0 -5.88106
6.49789 0 -5.38106
6.49789 0 -4.88106
6.49789 0 -4.38106
6.49789 0 -3.88106
6.49789 0 -3.38106
6.49789 0 -2.88106
6.49789 0 -2.38106
6.49789 0 -1.88106
6.49789 0 -1.38106
6.49789 0 -0.881063
6.49789 0 -0.381063
6.49789 0 0.118937
6.49789 0 0.618937
6.49789 0 1.11894
6.49789 0 1.61894
6.49789 0 2.11894
6.49789 0 2.61894
6.49789 0 3.11894
6.49789 0 3.61894
6.49789 0 4.11894
6.49789 0 4.61894
6.49789 0 5.11894
6.49789 0 5.61894
6.49789 0 6.11894
6.49789 0 6.61894
6.49789 0 7.11894
6.49789 0 7.61894
6.49789 0 8.11894
6.49789 0 8.61894
6.49789 0 9.11894
6.49789 0 9.61894
6.49789 0 10.1189
6.49789 0 10.6189
6.49789 0 11.1189
6.49789 0 11.6189
6.49789 0 12.1189
6.99789 0 -12.3811
6.99789 0 -11.8811
6.99789 0 -11.3811
6.99789 0 -10.8811
6.99789 0 -10.3811
6.99789 0 -9.88106
6.99789 0 -9.38106
6.99789 0 -8.88106
6.99789 0 -8.38106
6.99789 0 -7.88106
6.99789 0 -7.38106
6.99789 0 -6.88106
6.99789 0 -6.38106
6.99789 0 -5.88106
6.99789 0 -5.38106
6.99789 0 -4.88106
6.99789 0 -4.38106
6.99789 0 -3.88106
6.99789 0 -3.38106
6.99789 0 -2.88106
6.99789 0 -2.38106
6.99789 0 -1.88106
6.99789 0 -1.38106
6.99789 0 -0.881063
6.99789 0 -0.381063
6.99789 0 0.118937
6.99789 0 0.618937
6.99789 0 1.11894
6.99789 0 1.61894
6.99789 0 2.11894
6.99789 0 2.61894
6.99789 0 3.11894
6.99789 0 3.61894
6.99789 0 4.11894
6.99789 0 4.61894
6.99789 0 5.11894
6.99789 0 5.61894
6.99789 0 6.11894
6.99789 0 6.61894
6.99789 0 7.11894
6.99789 0 7.61894
6.99789 0 8.11894
6.99789 0 8.61894
6.99789 0 9.11894
6.99789 0 9.61894
6.99789 0 10.1189
6.99789 0 10.6189
6.99789 0 11.1189
6.99789 0 11.6189
6.99789 0 12.1189
7.49789 0 -12.3811
7.49789 0 -11.8811
7.49789 0 -11.3811
7.49789 0 -10.8811
7.49789 0 -10.3811
7.49789 0 -9.88106
7.49789 0 -9.38106
7.49789 0 -8.88106
7.49789 0 -8.38106
7.49789 0 -7.88106
7.49789 0 -7.38106
7.49789 0 -6.88106
7.49789 0 -6.38106
7.49789 0 -5.88106
7.49789 0 -5.38106
7.49789 0 -4.88106
7.49789 0 -4.38106
7.49789 0 -3.88106
7.49789 0 -3.38106
7.49789 0 -2.88106
7.49789 0 -2.38106
7.49789 0 -1.88106
7.49789 0 -1.38106
7.49789 0 -0.881063
7.49789 0 -0.381063
7.49789 0 0.118937
7.49789 0 0.618937
7.49789 0 1.11894
7.49789 0 1.61894
7.49789 0 2.11894
7.49789 0 2.61894
7.49789 0 3.11894
7.49789 0 3.61894
7.49789 0 4.11894
7.49789 0 4.61894
7.49789 0 5.11894
7.49789 0 5.61894
7.49789 0 6.11894
7.49789 0 6.61894
7.49789 0 7.11894
7.49789 0 7.61894
7.49789 0 8.11894
7.49789 0 8.61894
7.49789 0 9.11894
7.49789 0 9.61894
7.49789 0 10.1189
7.49789 0 10.6189
7.49789 0 11.1189
7.49789 0 11.6189
7.49789 0 12.1189
7.99789 0 -12.3811
7.99789 0 -11.8811
7.99789 0 -11.3811
7.99789 0 -10.8811
7.99789 0 -10.3811
7.99789 0 -9.88106
7.99789 0 -9.38106
7.99789 0 -8.88106
7.99789 0 -8.38106
7.99789 0 -7.88106
7.99789 0 -7.38106
7.99789 0 -6.88106
7.99789 0 -6.38106
7.99789 0 -5.88106
7.99789 0 -5.38106
7.99789 0 -4.88106
7.99789 0 -4.38106
7.99789 0 -3.88106
7.99789 0 -3.38106
7.99789 0 -2.88106
7.99789 0 -2.38106
7.99789 0 -1.88106
7.99789 0 -1.38106
7.99789 0 -0.881063
7.99789 0 -0.381063
7.99789 0 0.118937
7.99789 0 0.618937
7.99789 0 1.11894
7.99789 0 1.61894
7.99789 0 2.11894
7.99789 0 2.61894
7.99789 0 3.11894
7.99789 0 3.61894
7.99789 0 4.11894
7.99789 0 4.61894
7.99789 0 5.11894
7.99789 0 5.61894
7.99789 0 6.11894
7.99789 0 6.61894
7.99789 0 7.11894
7.99789 0 7.61894
7.99789 0 8.11894
7.99789 0 8.61894
7.99789 0 9.11894
7.99789 0 9.61894
7.99789 0 10.1189
7.99789 0 10.6189
7.99789 0 11.1189
7.99789 0 11.6189
7.99789 0 12.1189
8.49789 0 -12.3811
8.49789 0 -11.8811
8.49789 0 -11.3811
8.49789 0 -10.8811
8.49789 0 -10.3811
8.49789 0 -9.88106
8.49789 0 -9.38106
8.49789 0 -8.88106
8.49789 0 -8.38106
8.49789 0 -7.88106
8.49789 0 -7.38106
8.49789 0 -6.88106
8.49789 0 -6.38106
8.49789 0 -5.88106
8.49789 0 -5.38106
8.49789 0 -4.88106
8.49789 0 -4.38106
8.49789 0 -3.88106
8.49789 0 -3.38106
8.49789 0 -2.88106
8.49789 0 -2.38106
8.49789 0 -1.88106
8.49789 0 -1.38106
8.49789 0 -0.881063
8.49789 0 -0.381063
8.49789 0 0.118937
8.49789 0 0.618937
8.49789 0 1.11894
8.49789 0 1.61894
8.49789 0 2.11894
8.49789 0 2.61894
8.49789 0 3.11894
8.49789 0 3.61894
8.49789 0 4.11894
8.49789 0 4.61894
8.49789 0 5.11894
8.49789 0 5.61894
8.49789 0 6.11894
8.49789 0 6.61894
8.49789 0 7.11894
8.49789 0 7.61894
8.49789 0 8.11894
8.49789 0 8.61894
8.49789 0 9.11894
8.49789 0 9.61894
8.49789 0 10.1189
8.49789 0 10.6189
8.49789 0 11.1189
8.49789 0 11.6189
8.49789 0 12.1189
8.99789 0 -12.3811
8.99789 0 -11.8811
8.99789 0 -11.3811
8.99789 0 -10.8811
8.99789 0 -10.3811
8.99789 0 -9.88106
8.99789 0 -9.38106
8.99789 0 -8.88106
8.99789 0 -8.38106
8.99789 0 -7.88106
8.99789 0 -7.38106
8.99789 0 -6.88106
8.99789 0 -6.38106
8.99789 0 -5.88106
8.99789 0 -5.38106
8.99789 0 -4.88106
8.99789 0 -4.38106
8.99789 0 -3.88106
8.99789 0 -3.38106
8.99789 0 -2.88106
8.99789 0 -2.38106
8.99789 0 -1.88106
8.99789 0 -1.38106
8.99789 0 -0.881063
8.99789 0 -0.381063
8.99789 0 0.118937
8.99789 0 0.618937
8.99789 0 1.11894
8.99789 0 1.61894
8.99789 0 2.11894
8.99789 0 2.61894
8.99789 0 3.11894
8.99789 0 3.61894
8.99789 0 4.11894
8.99789 0 4.61894
8.99789 0 5.11894
8.99789 0 5.61894
8.99789 0 6.11894
8.99789 0 6.61894
8.99789 0 7.11894
8.99789 0 7.61894
8.99789 0 8.11894
8.99789 0 8.61894
8.99789 0 9.11894
8.99789 0 9.61894
8.99789 0 10.1189
8.99789 0 10.6189
8.99789 0 11.1189
8.99789 0 11.6189
8.99789 0 12.1189
9.49789 0 -12.3811
9.49789 0 -11.8811
9.49789 0 -11.3811
9.49789 0 -10.8811
9.49789 0 -10.3811
9.49789 0 -9.88106
9.49789 0 -9.38106
9.49789 0 -8.88106
9.49789 0 -8.38106
9.49789 0 -7.88106
9.49789 0 -7.38106
9.49789 0 -6.88106
9.49789 0 -6.38106
9.49789 0 -5.88106
9.49789 0 -5.38106
9.49789 0 -4.88106
9.49789 0 -4.38106
9.49789 0 -3.88106
9.49789 0 -3.38106
9.49789 0 -2.88106
9.49789 0 -2.38106
9.49789 0 -1.88106
9.49789 0 -1.38106
9.49789 0 -0.881063
9.49789 0 -0.381063
9.49789 0 0.118937
9.49789 0 0.618937
9.49789 0 1.11894
9.49789 0 1.61894
9.49789 0 2.11894
9.49789 0 2.61894
9.49789 0 3.11894
9.49789 0 3.61894
9.49789 0 4.11894
9.49789 0 4.61894
9.49789 0 5.11894
9.49789 0 5.61894
9.49789 0 6.11894
9.49789 0 6.61894
9.49789 0 7.11894
9.49789 0 7.61894
9.49789 0 8.11894
9.49789 0 8.61894
9.49789 0 9.11894
9.49789 0 9.61894
9.49789 0 10.1189
9.49789 0 10.6189
9.49789 0 11.1189
9.49789 0 11.6189
9.49789 0 12.1189
9.99789 0 -12.3811
9.99789 0 -11.8811
9.99789 0 -11.3811
9.99789 0 -10.8811
9.99789 0 -10.3811
9.99789 0 -9.88106
9.99789 0 -9.38106
9.99789 0 -8.88106
9.99789 0 -8.38106
9.99789 0 -7.88106
9.99789 0 -7.38106
9.99789 0 -6.88106
9.99789 0 -6.38106
9.99789 0 -5.88106
9.99789 0 -5.38106
9.99789 0 -4.88106
9.99789 0 -4.38106
9.99789 0 -3.88106
9.99789 0 -3.38106
9.99789 0 -2.88106
9.99789 0 -2.38106
9.99789 0 -1.88106
9.99789 0 -1.38106
9.99789 0 -0.881063
9.99789 0 -0.381063
9.99789 0 0.118937
9.99789 0 0.618937
9.99789 0 1.11894
9.99789 0 1.61894
9.99789 0 2.11894
9.99789 0 2.61894
9.99789 0 3.11894
9.99789 0 3.61894
9.99789 0 4.11894
9.99789 0 4.61894
9.99789 0 5.11894
9.99789 0 5.61894
9.99789 0 6.11894
9.99789 0 6.61894
9.99789 0 7.11894
9.99789 0 7.61894
9.99789 0 8.11894
9.99789 0 8.61894
9.99789 0 9.11894
9.99789 0 9.61894
9.99789 0 10.1189
9.99789 0 10.6189
9.99789 0 11.1189
9.99789 0 11.6189
9.99789 0 12.1189
10.4979 0 -12.3811
10.4979 0 -11.8811
10.4979 0 -11.3811
10.4979 0 -10.8811
10.4979 0 -10.3811
10.4979 0 -9.88106
10.4979 0 -9.38106
10.4979 0 -8.88106
10.4979 0 -8.38106
10.4979 0 -7.88106
10.4979 0 -7.38106
10.4979 0 -6.88106
10.4979 0 -6.38106
10.4979 0 -5.88106
10.4979 0 -5.38106
10.4979 0 -4.88106
10.4979 0 -4.38106
10.4979 0 -3.88106
10.4979 0 -3.38106
10.4979 0 -2.88106
10.4979 0 -2.38106
10.4979 0 -1.88106
10.4979 0 -1.38106
10.4979 0 -0.881063
10.4979 0 -0.381063
10.4979 0 0.118937
10.4979 0 0.618937
10.4979 0 1.11894
10.4979 0 1.61894
10.4979 0 2.11894
10.4979 0 2.61894
10.4979 0 3.11894
10.4979 0 3.61894
10.4979 0 4.11894
10.4979 0 4.61894
10.4979 0 5.11894
10.4979 0 5.61894
10.4979 0 6.11894
10.4979 0 6.61894
10.4979 0 7.11894
10.4979 0 7.61894
10.4979 0 8.11894
10.4979 0 8.61894
10.4979 0 9.11894
10.4979 0 9.61894
10.4979 0 10.1189
10.4979 0 10.6189
10.4979 0 11.1189
10.4979 0 11.6189
10.4979 0 12.1189
10.9979 0 -12.3811
10.9979 0 -11.8811
10.9979 0 -11.3811
10.9979 0 -10.8811
10.9979 0 -10.3811
10.9979 0 -9.88106
10.9979 0 -9.38106
10.9979 0 -8.88106
10.9979 0 -8.38106
10.9979 0 -7.88106
10.9979 0 -7.38106
10.9979 0 -6.88106
10.9979 0 -6.38106
10.9979 0 -5.88106
10.9979 0 -5.38106
10.9979 0 -4.88106
10.9979 0 -4.38106
10.9979 0 -3.88106
10.9979 0 -3.38106
10.9979 0 -2.88106
10.9979 0 -2.38106
10.9979 0 -1.88106
10.9979 0 -1.38106
10.9979 0 -0.881063
10.9979 0 -0.381063
10.9979 0 0.118937
10.9979 0 0.618937
10.9979 0 1.11894
10.9979 0 1.61894
10.9979 0 2.11894
10.9979 0 2.61894
10.9979 0 3.11894
10.9979 0 3.61894
10.9979 0 4.11894
10.9979 0 4.61894
10.9979 0 5.11894
10.9979 0 5.61894
10.9979 0 6.11894
10.9979 0 6.61894
10.9979 0 7.11894
10.9979 0 7.61894
10.9979 0 8.11894
10.9979 0 8.61894
10.9979 0 9.11894
10.9979 0 9.61894
10.9979 0 10.1189
10.9979 0 10.6189
10.9979 0 11.1189
10.9979 0 11.6189
10.9979 0 12.1189
11.4979 0 -12.3811
11.4979 0 -11.8811
11.4979 0 -11.3811
11.4979 0 -10.8811
11.4979 0 -10.3811
11.4979 0 -9.88106
11.4979 0 -9.38106
11.4979 0 -8.88106
11.4979 0 -8.38106
11.4979 0 -7.88106
11.4979 0 -7.38106
11.4979 0 -6.88106
11.4979 0 -6.38106
11.4979 0 -5.88106
11.4979 0 -5.38106
11.4979 0 -4.88106
11.4979 0 -4.38106
11.4979 0 -3.88106
11.4979 0 -3.38106
11.4979 0 -2.88106
11.4979 0 -2.38106
11.4979 0 -1.88106
11.4979 0 -1.38106
11.4979 0 -0.881063
11.4979 0 -0.381063
11.4979 0 0.118937
11.4979 0 0.618937
11.4979 0 1.11894
11.4979 0 1.61894
11.4979 0 2.11894
11.4979 0 2.61894
11.4979 0 3.11894
11.4979 0 3.61894
11.4979 0 4.11894
11.4979 0 4.61894
11.4979 0 5.11894
11.4979 0 5.61894
11.4979 0 6.11894
11.4979 0 6.61894
11.4979 0 7.11894
11.4979 0 7.61894
11.4979 0 8.11894
11.4979 0 8.61894
11.4979 0 9.11894
11.4979 0 9.61894
11.4979 0 10.1189
11.4979 0 10.6189
11.4979 0 11.1189
11.4979 0 11.6189
11.4979 0 12.1189
11.9979 0 -12.3811
11.9979 0 -11.8811
11.9979 0 -11.3811
11.9979 0 -10.8811
11.9979 0 -10.3811
11.9979 0 -9.88106
11.9979 0 -9.38106
11.9979 0 -8.88106
11.9979 0 -8.38106
11.9979 0 -7.88106
11.9979 0 -7.38106
11.9979 0 -6.88106
11.9979 0 -6.38106
11.9979 0 -5.88106
11.9979 0 -5.38106
11.9979 0 -4.88106
11.9979 0 -4.38106
11.9979 0 -3.88106
11.9979 0 -3.38106
11.9979 0 -2.88106
11.9979 0 -2.38106
11.9979 0 -1.88106
11.9979 0 -1.38106
11.9979 0 -0.881063
11.9979 0 -0.381063
11.9979 0 0.118937
11.9979 0 0.618937
11.9979 0 1.11894
11.9979 0 1.61894
11.9979 0 2.11894
11.9979 0 2.61894
11.9979 0 3.11894
11.9979 0 3.61894
11.9979 0 4.11894
11.9979 0 4.61894
11.9979 0 5.11894
11.9979 0 5.61894
11.9979 0 6.11894
11.9979 0 6.61894
11.9979 0 7.11894
11.9979 0 7.61894
11.9979 0 8.11894
11.9979 0 8.61894
11.9979 0 9.11894
11.9979 0 9.61894
11.9979 0 10.1189
11.9979 0 10.6189
11.9979 0 11.1189
11.9979 0 11.6189
11.9979 0 12.1189
12.4979 0 -12.3811
12.4979 0 -11.8811
12.4979 0 -11.3811
12.4979 0 -10.8811
12.4979 0 -10.3811
12.4979 0 -9.88106
12.4979 0 -9.38106
12.4979 0 -8.88106
12.4979 0 -8.38106
12.4979 0 -7.88106
12.4979 0 -7.38106
12.4979 0 -6.88106
12.4979 0 -6.38106
12.4979 0 -5.88106
12.4979 0 -5.38106
12.4979 0 -4.88106
12.4979 0 -4.38106
12.4979 0 -3.88106
12.4979 0 -3.38106
12.4979 0 -2.88106
12.4979 0 -2.38106
12.4979 0 -1.88106
12.4979 0 -1.38106
12.4979 0 -0.881063
12.4979 0 -0.381063
12.4979 0 0.118937
12.4979 0 0.618937
12.4979 0 1.11894
12.4979 0 1.61894
12.4979 0 2.11894
12.4979 0 2.61894
12.4979 0 3.11894
12.4979 0 3.61894
12.4979 0 4.11894
12.4979 0 4.61894
12.4979 0 5.11894
12.4979 0 5.61894
12.4979 0 6.11894
12.4979 0 6.61894
12.4979 0 7.11894
12.4979 0 7.61894
12.4979 0 8.11894
12.4979 0 8.61894
12.4979 0 9.11894
12.4979 0 9.61894
12.4979 0 10.1189
12.4979 0 10.6189
12.4979 0 11.1189
12.4979 0 11.6189
12.4979 0 12.1189